194.25
1372.50
72.50
30.00
205.00
195.00
32.00
64.00
32.00
25.00
160.00
150.00
312.50
437.50
187.50
60.09
157.00
40.00
42.00
120.00
96.00
176.00
48.00
128.00
144.00
180.00
340.00
59.94
11.20
9.31
8.00
4.00
14.00
24.00
16.00
50.00
24.00
24.00
24.00
24.00
12.50
12.50
12.50
12.50
12.50
10.00
10.00
30.00
29.00
194.25
199.15
119.16
75.31
100.91
77.50
80.00
50.00
70.00
10.00
14.00
24.00
82.00
82.00
82.00
82.00
40.00
40.00
40.00
40.00
20.00
20.00
20.00
20.00
30.00
35.00
35.00
35.00
42.00
28.00
28.00
43.30
35.00
38.00
37.00
16.00
32.00
40.00
64.00
56.00
60.00
30.00
38.50
33.00
37.50
31.50
32.00
107.50
91.50
91.00
84.50
130.00
68.00
98.00
86.00
68.00
78.00
56.00
74.00
74.00
62.00
56.00
74.00
70.00
50.00
54.00
42.00
58.00
56.00
64.00
40.00
58.00
184.00
202.50
229.50
189.50
264.50
217.50
217.50
217.50
217.50
147.50
132.50
104.50
60.00
70.00
80.00
84.00
72.00
98.00
108.00
72.00
56.00
56.00